REPORTE DE CLASIFICACIÓN - ENFOQUE DE CONCATENACIÓN
================================================================================

Modelo: dccuchile/bert-base-spanish-wwm-cased
Enfoque: Concatenación de features como texto
Formato: Con etiquetas
Fecha: 2025-11-21 08:11:10

================================================================================

              precision    recall  f1-score   support

        0111     1.0000    1.0000    1.0000         3
        0112     0.0000    0.0000    0.0000         2
        0120     0.9000    1.0000    0.9474         9
        0211     0.8000    0.8889    0.8421         9
        0212     0.5714    0.8000    0.6667         5
        0213     0.0000    0.0000    0.0000         2
        0220     0.9862    0.9862    0.9862       145
        0311     1.0000    0.8000    0.8889         5
        0312     0.8750    0.8750    0.8750         8
        0313     0.8000    1.0000    0.8889         4
        1111     0.7143    0.9091    0.8000        11
        1113     1.0000    0.5000    0.6667         4
        1114     0.7297    0.9310    0.8182        29
        1131     0.0000    0.0000    0.0000         2
        1133     0.6667    0.6667    0.6667         3
        1143     0.0000    0.0000    0.0000         1
        1166     0.0000    0.0000    0.0000         3
        1167     0.0000    0.0000    0.0000         1
        1169     0.0000    0.0000    0.0000         2
        1211     0.0000    0.0000    0.0000         2
        1221     0.6667    0.5000    0.5714         4
        1321     0.0000    0.0000    0.0000         2
        1323     0.0000    0.0000    0.0000         2
        1341     0.0000    0.0000    0.0000         2
        1345     0.9315    0.9714    0.9510        70
        1346     1.0000    0.3333    0.5000         3
        1422     0.1818    0.8000    0.2963         5
        1499     0.0000    0.0000    0.0000         2
        2113     0.0000    0.0000    0.0000         3
        2114     0.9000    1.0000    0.9474         9
        2120     1.0000    1.0000    1.0000         3
        2131     1.0000    0.9412    0.9697        17
        2132     0.8696    0.9524    0.9091        42
        2141     0.9375    0.6818    0.7895        22
        2142     0.9588    0.9894    0.9738        94
        2143     0.8182    0.8571    0.8372        21
        2144     0.8333    0.9375    0.8824        16
        2145     0.8750    0.8750    0.8750         8
        2146     0.9231    0.9231    0.9231        13
        2149     0.5556    0.6667    0.6061        15
        2151     1.0000    0.6000    0.7500        10
        2152     0.8182    0.9000    0.8571        10
        2161     0.6200    0.9688    0.7561        32
        2162     0.0000    0.0000    0.0000        15
        2163     0.8571    0.7500    0.8000         8
        2166     0.8714    0.9683    0.9173        63
        2211     0.9630    0.9286    0.9455        56
        2212     0.7885    0.9111    0.8454        45
        2221     1.0000    1.0000    1.0000       146
        2222     1.0000    0.9592    0.9792        49
        2240     0.9474    1.0000    0.9730        18
        2251     0.9649    1.0000    0.9821        55
        2252     0.9000    1.0000    0.9474        18
        2254     0.0000    0.0000    0.0000         4
        2255     0.6667    1.0000    0.8000         8
        2256     0.0000    0.0000    0.0000         2
        2257     0.0000    0.0000    0.0000         2
        2311     0.9767    0.9333    0.9545       135
        2312     0.7692    0.8333    0.8000        12
        2320     0.0000    0.0000    0.0000         6
        2330     0.9481    0.9922    0.9697       387
        2341     0.9960    0.9820    0.9889       501
        2342     0.9521    0.9781    0.9650       183
        2351     0.6667    0.4444    0.5333         9
        2352     1.0000    1.0000    1.0000         5
        2353     0.5000    0.3750    0.4286         8
        2359     0.7939    0.7939    0.7939       131
        2411     0.9627    0.9627    0.9627       161
        2412     0.0000    0.0000    0.0000         8
        2421     0.5522    0.5139    0.5324        72
        2422     0.0000    0.0000    0.0000        11
        2431     0.0000    0.0000    0.0000         4
        2432     0.7500    1.0000    0.8571         3
        2511     0.8036    0.9184    0.8571        49
        2512     0.3846    0.6250    0.4762         8
        2513     0.0000    0.0000    0.0000         2
        2521     0.0000    0.0000    0.0000         4
        2611     0.9940    0.9763    0.9851       169
        2619     0.7407    0.6897    0.7143        29
        2631     0.8095    1.0000    0.8947        17
        2632     1.0000    1.0000    1.0000         7
        2634     0.9661    0.9828    0.9744        58
        2635     0.8421    1.0000    0.9143        16
        2636     0.0000    0.0000    0.0000         2
        2641     0.0000    0.0000    0.0000         2
        2642     0.7895    0.9375    0.8571        16
        2643     1.0000    0.5000    0.6667         2
        2651     0.7500    0.6667    0.7059         9
        2656     0.0000    0.0000    0.0000         2
        3111     0.5714    0.5000    0.5333         8
        3112     0.8030    0.8281    0.8154        64
        3113     0.8652    0.8556    0.8603        90
        3114     0.7727    0.7083    0.7391        24
        3115     0.8600    0.9021    0.8805       143
        3117     1.0000    0.5000    0.6667         4
        3118     0.7222    0.7222    0.7222        18
        3119     0.0000    0.0000    0.0000         4
        3121     0.2500    0.1000    0.1429        10
        3122     0.5484    0.8293    0.6602        41
        3123     0.5111    0.7667    0.6133        30
        3124     0.6547    0.7222    0.6868       126
        3125     0.0000    0.0000    0.0000         8
        3126     0.0000    0.0000    0.0000         5
        3129     0.2857    0.2400    0.2609        25
        3131     0.0000    0.0000    0.0000         2
        3132     0.0000    0.0000    0.0000        10
        3141     1.0000    0.2000    0.3333         5
        3142     0.5714    0.8000    0.6667        10
        3143     0.0000    0.0000    0.0000         2
        3145     0.0000    0.0000    0.0000         1
        3149     0.0000    0.0000    0.0000        22
        3151     0.0000    0.0000    0.0000         2
        3152     0.7812    0.7812    0.7812        32
        3153     0.0000    0.0000    0.0000         2
        3211     0.5000    0.2500    0.3333         4
        3212     0.8571    1.0000    0.9231        30
        3213     0.9434    0.9804    0.9615        51
        3215     1.0000    0.2500    0.4000         4
        3221     0.9811    0.9720    0.9765       214
        3230     0.9545    0.9545    0.9545        22
        3240     0.6000    0.7500    0.6667         8
        3251     0.7368    0.8750    0.8000        16
        3253     0.0000    0.0000    0.0000         1
        3255     0.6765    0.9583    0.7931        24
        3256     0.6667    0.6667    0.6667         6
        3257     0.5882    0.6250    0.6061        32
        3258     0.0000    0.0000    0.0000         2
        3259     0.0000    0.0000    0.0000         4
        3313     0.8621    0.7353    0.7937        34
        3314     0.8975    0.9170    0.9071       506
        3315     1.0000    0.2500    0.4000         4
        3316     0.0000    0.0000    0.0000         2
        3317     0.6000    0.7500    0.6667        12
        3321     1.0000    0.8125    0.8966        16
        3322     0.8523    0.9071    0.8789       140
        3323     1.0000    0.6667    0.8000         6
        3331     0.5000    0.7143    0.5882         7
        3332     0.7000    0.8750    0.7778         8
        3334     1.0000    0.9091    0.9524        22
        3339     0.6471    0.6875    0.6667        16
        3341     0.0000    0.0000    0.0000         3
        3411     0.6170    0.7436    0.6744        39
        3412     0.0000    0.0000    0.0000         2
        3413     0.8235    1.0000    0.9032        14
        3421     0.9091    1.0000    0.9524        10
        3422     0.8649    0.8889    0.8767        36
        3423     1.0000    0.5000    0.6667         2
        3431     0.8500    0.9444    0.8947        18
        3432     0.7143    0.5556    0.6250         9
        3434     0.6250    0.7143    0.6667         7
        3439     0.9524    0.9836    0.9677        61
        3511     0.1667    0.0938    0.1200        32
        3512     0.0000    0.0000    0.0000        11
        3513     0.4237    0.6579    0.5155        38
        3514     1.0000    0.6000    0.7500         5
        3521     0.8077    0.8077    0.8077        26
        3522     0.0000    0.0000    0.0000         2
        3523     0.6000    0.8571    0.7059         7
        4110     0.9268    0.9204    0.9236       289
        4120     0.9946    0.9946    0.9946       184
        4131     1.0000    0.8824    0.9375        17
        4132     1.0000    0.9118    0.9538        34
        4211     0.6889    0.7209    0.7045        43
        4212     0.6667    0.4000    0.5000         5
        4213     1.0000    1.0000    1.0000         6
        4214     0.8889    0.8571    0.8727        28
        4221     0.6000    0.3333    0.4286         9
        4222     0.8889    0.9697    0.9275        66
        4223     0.9000    0.7200    0.8000        25
        4224     0.9000    0.9574    0.9278        94
        4225     1.0000    0.8095    0.8947        21
        4229     0.0000    0.0000    0.0000         4
        4311     0.5000    0.6923    0.5806        13
        4312     0.9496    0.9339    0.9417       121
        4313     0.0000    0.0000    0.0000         3
        4321     0.9383    0.9771    0.9573       218
        4323     0.4815    0.7222    0.5778        18
        4411     1.0000    1.0000    1.0000        13
        4412     1.0000    0.5556    0.7143         9
        4414     0.0000    0.0000    0.0000         4
        4415     0.8000    1.0000    0.8889         8
        4416     0.6923    0.6000    0.6429        15
        4417     0.7500    0.8250    0.7857       120
        4419     0.9235    0.9219    0.9227       602
        5111     1.0000    0.5000    0.6667         2
        5112     1.0000    0.5000    0.6667         4
        5113     1.0000    1.0000    1.0000        13
        5120     0.9628    0.9678    0.9653      1365
        5131     0.9910    0.9852    0.9881       337
        5132     1.0000    1.0000    1.0000        12
        5141     0.9651    0.8137    0.8830       102
        5142     0.8144    0.9294    0.8681        85
        5211     0.9487    0.9417    0.9452       412
        5212     0.9794    0.9827    0.9811      3587
        5213     0.9758    0.9758    0.9758      1073
        5221     0.5000    0.6923    0.5806        13
        5222     0.0000    0.0000    0.0000         6
        5223     0.0000    0.0000    0.0000         5
        5230     0.9433    0.9236    0.9333       144
        5241     0.9231    0.7059    0.8000        34
        5243     0.8372    0.9000    0.8675        80
        5244     0.8824    0.9184    0.9000        49
        5245     0.8696    0.8511    0.8602        47
        5311     0.8246    0.7966    0.8103        59
        5312     0.8909    0.9703    0.9289       101
        5321     0.0000    0.0000    0.0000         2
        5322     0.7692    0.8333    0.8000        24
        5329     0.8966    0.8387    0.8667        31
        5412     0.8987    0.9595    0.9281        74
        5413     1.0000    1.0000    1.0000         8
        5414     0.8938    0.9902    0.9395       102
        5419     0.0000    0.0000    0.0000         8
        6111     0.9847    0.9683    0.9764       599
        6112     0.9570    0.9867    0.9716       451
        6113     0.0000    0.0000    0.0000         3
        6114     0.9995    0.9998    0.9997      6561
        6121     0.9821    0.9846    0.9833       779
        6122     0.9447    0.9579    0.9513       214
        6123     1.0000    1.0000    1.0000         4
        6210     0.8529    0.8529    0.8529        34
        6221     0.8571    0.6667    0.7500         9
        6222     0.9162    0.9777    0.9459       179
        6223     0.8889    0.4211    0.5714        19
        6224     1.0000    0.5000    0.6667         4
        6310     0.0000    0.0000    0.0000         2
        6320     0.0000    0.0000    0.0000         5
        7111     0.9328    0.9124    0.9225       274
        7112     0.0000    0.0000    0.0000         7
        7113     0.8440    0.8679    0.8558       106
        7119     0.8571    0.9290    0.8916       155
        7121     0.5000    0.3333    0.4000         3
        7122     0.0000    0.0000    0.0000         1
        7123     0.8571    0.5455    0.6667        11
        7125     0.0000    0.0000    0.0000         2
        7126     0.7895    0.7895    0.7895        19
        7127     0.9167    0.9483    0.9322        58
        7128     0.9685    0.9762    0.9723       126
        7129     0.8095    0.9189    0.8608        37
        7212     0.8490    0.9645    0.9030       169
        7213     0.0000    0.0000    0.0000         4
        7214     0.0000    0.0000    0.0000         7
        7221     0.7925    0.8400    0.8155       100
        7222     1.0000    0.5000    0.6667        18
        7223     0.7059    0.7500    0.7273        16
        7224     1.0000    0.2500    0.4000         4
        7231     0.8930    0.9042    0.8986       240
        7233     0.7500    0.5000    0.6000         6
        7234     0.5526    0.6000    0.5753        35
        7235     1.0000    0.7143    0.8333         7
        7311     0.8571    0.8571    0.8571         7
        7312     0.8644    0.9444    0.9027        54
        7313     0.9032    0.9333    0.9180        30
        7321     0.0000    0.0000    0.0000         2
        7322     0.9029    0.9405    0.9213       168
        7331     0.0000    0.0000    0.0000         4
        7332     0.5789    0.7333    0.6471        15
        7333     0.0000    0.0000    0.0000         3
        7341     0.7931    0.7188    0.7541        32
        7342     0.5714    0.8889    0.6957         9
        7351     0.8775    0.8775    0.8775       253
        7352     0.9122    0.8282    0.8682       163
        7353     0.0000    0.0000    0.0000         5
        7354     0.8115    0.9429    0.8722       210
        7355     0.6552    0.8261    0.7308        46
        7356     1.0000    0.6667    0.8000         9
        7361     0.5882    0.7143    0.6452        14
        7362     0.8169    0.9508    0.8788        61
        7391     0.0000    0.0000    0.0000         6
        7392     0.0000    0.0000    0.0000         4
        7399     0.7500    0.8919    0.8148        74
        7411     0.8320    0.9204    0.8739       113
        7412     0.0000    0.0000    0.0000         5
        7421     0.7935    0.8391    0.8156        87
        7422     0.7727    0.7083    0.7391        24
        7431     1.0000    0.4000    0.5714         5
        7432     0.0000    0.0000    0.0000         2
        7511     0.7838    0.8529    0.8169        34
        7512     0.8571    0.6000    0.7059        10
        7513     0.9478    0.9675    0.9575       338
        7514     0.8462    0.9706    0.9041        34
        7515     0.5294    0.5625    0.5455        32
        7517     1.0000    1.0000    1.0000         3
        7518     0.9077    0.9219    0.9147        64
        7519     0.7681    0.8548    0.8092        62
        8111     0.7213    0.8462    0.7788        52
        8112     0.3571    0.3333    0.3448        15
        8113     0.0000    0.0000    0.0000         2
        8114     0.0000    0.0000    0.0000         4
        8121     0.0000    0.0000    0.0000         3
        8131     1.0000    0.5625    0.7200        16
        8141     0.9062    0.9667    0.9355        30
        8142     0.7368    0.8235    0.7778        17
        8151     1.0000    0.2500    0.4000         4
        8152     0.0000    0.0000    0.0000         9
        8153     0.6667    0.1538    0.2500        13
        8154     1.0000    0.3333    0.5000         3
        8156     0.0000    0.0000    0.0000         6
        8159     0.0000    0.0000    0.0000         5
        8160     0.5294    0.6923    0.6000        13
        8171     0.6786    0.9048    0.7755        21
        8173     0.0000    0.0000    0.0000         3
        8181     0.6667    0.6000    0.6316        10
        8183     0.0000    0.0000    0.0000         4
        8189     0.5455    0.7500    0.6316        24
        8321     0.9842    0.9915    0.9878       940
        8322     0.9880    0.9536    0.9705       776
        8331     0.8773    0.9507    0.9125       203
        8332     0.9435    0.9512    0.9474       246
        8341     0.9474    0.9000    0.9231        40
        8342     0.5833    0.6885    0.6316        61
        8343     0.7429    0.7156    0.7290       109
        8351     0.0000    0.0000    0.0000         2
        8352     0.8182    0.9474    0.8780        38
        9111     0.9942    0.9942    0.9942       695
        9112     0.9421    0.9542    0.9481       546
        9121     0.9801    0.9704    0.9752       203
        9122     0.9444    0.9714    0.9577        35
        9124     1.0000    1.0000    1.0000         2
        9129     0.5909    0.8125    0.6842        16
        9211     0.9983    0.9993    0.9988      9854
        9212     0.4444    0.3077    0.3636        13
        9213     0.7368    0.8000    0.7671        35
        9214     0.8571    0.7500    0.8000        24
        9311     0.9453    0.9308    0.9380       130
        9312     0.9688    0.9064    0.9366       171
        9313     0.9815    0.9839    0.9827      1242
        9321     0.8276    0.8372    0.8324        86
        9329     1.0000    0.5556    0.7143         9
        9331     0.8125    0.8667    0.8387        45
        9332     0.0000    0.0000    0.0000         1
        9333     0.9590    0.9530    0.9560       319
        9334     0.9821    1.0000    0.9910        55
        9411     0.8934    0.8741    0.8836       278
        9412     0.9249    0.9381    0.9315       775
        9511     0.9433    0.8867    0.9141       150
        9512     0.7000    0.8235    0.7568        17
        9521     0.9557    0.9742    0.9649       155
        9522     0.7059    0.6316    0.6667        19
        9523     0.9667    0.9062    0.9355        32
        9524     0.7843    0.9524    0.8602        42
        9531     0.7727    0.8500    0.8095        40
        9533     0.9659    0.9433    0.9545       300
        9534     0.6000    0.5000    0.5455         6
        9535     0.9442    0.9347    0.9394       199
        9536     1.0000    0.5833    0.7368        12
        9537     0.7778    1.0000    0.8750         7
        9541     0.7353    0.7353    0.7353        34
        9542     0.0000    0.0000    0.0000         3
        9549     0.8202    0.7849    0.8022        93
        9611     0.5714    0.5333    0.5517        15
        9612     0.9000    0.9474    0.9231        95
        9613     0.8219    0.8696    0.8451        69
        9621     0.9524    0.9160    0.9339       131
        9622     0.9816    0.9791    0.9803       382
        9623     1.0000    0.7500    0.8571         4
        9624     0.0000    0.0000    0.0000         3
        9629     0.7544    0.6821    0.7164       950

    accuracy                         0.9456     47332
   macro avg     0.6461    0.6265    0.6239     47332
weighted avg     0.9414    0.9456    0.9425     47332
